0	3	3
0.1	3.230862545	1.681909748
0.2	3.35002123	0.7665467846
0.3	3.39558654	0.1923970855
0.4	3.396177229	-0.1505862493
0.5	3.370119302	-0.3529716391
0.6	3.32826274	-0.4741622697
0.7	3.276797323	-0.5495457938
0.8	3.219196742	-0.5993509482
0.9	3.157394275	-0.6349834156
1	3.092454821	-0.6628855196
1.1	3.024950452	-0.6867409788
1.2	2.955168875	-0.708702262
1.3	2.8832293	-0.7300696557
1.4	2.809146964	-0.751668085
1.5	2.732869098	-0.7740587425
1.6	2.654294745	-0.7976599959
1.7	2.573285083	-0.8228177442
1.8	2.48966868	-0.849849273
1.9	2.403242321	-0.8790682713
2	2.31377101	-0.9108067791
2.1	2.220984969	-0.9454265367
2.2	2.124576209	-0.9833314733
2.3	2.024193997	-1.024977744
2.4	1.919438858	-1.070880089
2.5	1.809856757	-1.121619793
2.6	1.694932113	-1.177844967
2.7	1.574081254	-1.240265989
2.8	1.446647119	-1.30964011
2.9	1.311895979	-1.38673
3	1.169020242	-1.472240152
3.1	1.017149656	-1.566686007
3.2	0.8553799018	-1.670204639
3.3	0.6828237653	-1.782237471
3.4	0.4987031931	-1.901083595
3.5	0.3024921848	-2.023292227
3.6	0.09412703546	-2.1429319
3.7	-0.1257088436	-2.250890672
3.8	-0.3552445775	-2.334540334
3.9	-0.5912881991	-2.378289879
4	-0.829018884	-2.365623572
4.1	-1.062066534	-2.282818449
4.2	-1.283021706	-2.123568266
4.3	-1.484375831	-1.89258416
4.4	-1.659675057	-1.605962327
4.5	-1.804505954	-1.287519954
4.6	-1.916969903	-0.9626532922
4.7	-1.997539257	-0.6526079846
4.8	-2.048459159	-0.3713325637
4.9	-2.072985169	-0.1252418401
5	-2.074701505	0.08515040598
5.1	-2.057040757	0.2630293741
5.2	-2.023014208	0.4133645934
5.3	-1.975104233	0.541597863
5.4	-1.915258259	0.6529022403
5.5	-1.84493481	0.7518531641
5.6	-1.765168771	0.8423482315
5.7	-1.676637538	0.9276534171
5.8	-1.579719641	1.010498262
5.9	-1.474543014	1.093177234
6	-1.361024558	1.177631725
6.1	-1.238902521	1.265499303
6.2	-1.107766037	1.358115196
6.3	-0.9670880373	1.456460325
6.4	-0.8162657994	1.561024974
6.5	-0.6546821494	1.671577954
6.6	-0.4817925346	1.786815342
6.7	-0.2972560533	1.90387205
6.8	-0.1011207525	2.017748216
6.9	0.1059343912	2.120751198
7	0.322314087	2.202213783
7.1	0.5452192332	2.248896922
7.2	0.7704563158	2.246518106
7.3	0.9924660816	2.182619991
7.4	1.204689655	2.050302046
7.5	1.400297589	1.851455584
7.6	1.573143545	1.597755744
7.7	1.718658674	1.308453656
7.8	1.834389303	1.005724442
7.9	1.920031982	0.7096528496
8	1.977036365	0.4348482548
8.1	2.007987441	0.1894272347
8.2	2.015987787	-0.02414239731
8.3	2.004173678	-0.2073430553
8.4	1.975408596	-0.3638897773
8.5	1.932129893	-0.4984126568
8.6	1.876302749	-0.6156224973
8.7	1.809436786	-0.7198727555
8.8	1.732632081	-0.8149875117
8.9	1.64663409	-0.9042416067
9	1.551886106	-0.9904125157
9.1	1.448575344	-1.075855932
9.2	1.336672165	-1.16257087
9.3	1.215962035	-1.252241678
9.4	1.086079356	-1.346234662
9.5	0.9465377086	-1.445540948
9.6	0.7967770872	-1.550640971
9.7	0.6362238854	-1.661276089
9.8	0.4643808009	-1.776092405
9.9	0.2809606775	-1.892171912
10	0.0860695161	-2.004473029
10.1	-0.1195545778	-2.105303669
10.2	-0.334259503	-2.184091667
10.3	-0.5552058577	-2.227829015
10.4	-0.7781918925	-2.222628751
10.5	-0.9976962703	-2.156557275
10.6	-1.207251947	-2.023241026
10.7	-1.400166634	-1.824918366
10.8	-1.570450104	-1.573278999
10.9	-1.713672589	-1.287233036
11	-1.827472635	-0.9883875801
11.1	-1.911579526	-0.6962378351
11.2	-1.967422655	-0.4249444484
11.3	-1.997532235	-0.1823796425
11.4	-2.004940619	0.02905123179
11.5	-1.99271456	0.2107748668
11.6	-1.963656668	0.3663960066
11.7	-1.920155208	0.5004235641
11.8	-1.864137926	0.6174599507
11.9	-1.797086785	0.7217721514
12	-1.720081739	0.8171198928
12.1	-1.633853451	0.9067321636
12.2	-1.538834411	0.9933555056
12.3	-1.435203856	1.079322483
12.4	-1.322925226	1.166615254
12.5	-1.201780708	1.256899718
12.6	-1.07140041	1.351520494
12.7	-0.9312994824	1.451434217
12.8	-0.7809219559	1.55707338
12.9	-0.6197039958	1.668097668
13	-0.4471698665	1.783042271
13.1	-0.2630651147	1.898834868
13.2	-0.06754608925	2.010235
13.3	0.1385752673	2.109332519
13.4	0.3535537869	2.185357572
13.5	0.5744416335	2.225207535
13.6	0.7969280197	2.215112455
13.7	1.015408322	2.143540089
13.8	1.223386926	2.00479485
13.9	1.414218908	1.801919759
14	1.582037653	1.547282127
14.1	1.722588398	1.260109655
14.2	1.833694573	0.9618959356
14.3	1.915241112	0.6716957321
14.4	1.968761164	0.4031034333
14.5	1.996833297	0.1634765586
14.6	2.002493825	-0.04515058237
14.7	1.988784048	-0.2244185284
14.8	1.958466517	-0.3780202012
14.9	1.91388502	-0.510472087
15	1.856924446	-0.6263413268
15.1	1.789028445	-0.7298426814
15.2	1.711244042	-0.8246819535
15.3	1.624274206	-0.9140400504
15.4	1.528528148	-1.000622199
15.5	1.424165181	-1.08672802
15.6	1.311132926	-1.174310026
15.7	1.189198694	-1.265007735
15.8	1.057983409	-1.360132576
15.9	0.9169937471	-1.460601636
16	0.765671609	-1.566783615
16.1	0.6034595224	-1.678252737
16.2	0.4298963197	-1.793413775
16.3	0.2447593867	-1.909013423
16.4	0.04825823281	-2.019582567
16.5	-0.1587197863	-2.116944537
16.6	-0.3743257991	-2.190080781
16.7	-0.5954878422	-2.225749045
16.8	-0.8177676638	-2.210261198
16.9	-1.035457214	-2.13249493
17	-1.242015114	-1.987488414
17.1	-1.430834265	-1.77918296
17.2	-1.596172581	-1.520728221
17.3	-1.733960836	-1.231760189
17.4	-1.842225111	-0.9337060007
17.5	-1.921026387	-0.6451846404
17.6	-1.972020259	-0.3791954009
17.7	-1.997848979	-0.1425361922
17.8	-2.001562958	0.06317466492
17.9	-1.986184616	0.2398296274
18	-1.954439325	0.3912386013
18.1	-1.908626969	0.5219441207
18.2	-1.850588751	0.6364889015
18.3	-1.78172836	0.7390411086
18.4	-1.70305792	0.8332547456
18.5	-1.615250462	0.9222618397
18.6	-1.518689779	1.008726477
18.7	-1.413514072	1.094912449
18.8	-1.299652005	1.18274237
18.9	-1.176856804	1.273824526
19	-1.044735715	1.369438533
19.1	-0.9027882663	1.470454631
19.2	-0.7504535952	1.577181072
19.3	-0.5871778227	1.689094606
19.4	-0.4125174223	1.804464124
19.5	-0.2262821377	1.919849788
19.6	-0.02873422054	2.029538903
19.7	0.1791575477	2.125081328
19.8	0.395437077	2.19520354
19.9	0.6169049863	2.226522734
20	0.8389921052	2.205454432
20.1	1.055886123	2.12131567
20.2	1.261002572	1.96991076
20.3	1.447777675	1.75610135
20.4	1.610600309	1.493821769
20.5	1.745592467	1.203094053
20.6	1.850985806	0.9052519564
20.7	1.927017771	0.618456799
20.8	1.975465582	0.3551035134
20.9	1.999033483	0.1214305788
21	2.000784931	-0.08135619058
21.1	1.983722385	-0.2553963631
21.2	1.950533768	-0.4046129732
21.3	1.903474923	-0.5335730055
21.4	1.844343342	-0.6467940807
21.5	1.774502779	-0.7483977058
21.6	1.694930385	-0.8419861881
21.7	1.60626934	-0.9306439764
21.8	1.508878136	-1.016993008
21.9	1.402872945	-1.103262504
22	1.288164821	-1.191343362
22.1	1.164490526	-1.282815581
22.2	1.031446842	-1.378921227
22.3	0.8885236088	-1.480487925
22.4	0.7351583962	-1.5877529
22.5	0.5708026823	-1.700098859
22.6	0.3950296397	-1.81565102
22.7	0.2076840085	-1.930774571
22.8	0.009084790734	-2.03951072
22.9	-0.1997173724	-2.133130404
23	-0.4166558779	-2.20010968
23.1	-0.6384012699	-2.226943616
23.2	-0.8602541953	-2.200175737
23.3	-1.076301614	-2.109597014
23.4	-1.279922532	-1.951805259
23.5	-1.46460476	-1.732586253
23.6	-1.624875567	-1.466633586
23.7	-1.757051873	-1.174315667
23.8	-1.859570722	-0.876833089
23.9	-1.932842513	-0.5918663794
24	-1.978761007	-0.33120134
24.1	-2.000087922	-0.1005257821
24.2	-1.99989624	0.09935252544
24.3	-1.981166619	0.2708075856
24.4	-1.946548491	0.4178666644
24.5	-1.898253486	0.5451154317
24.6	-1.838035599	0.6570438164
24.7	-1.76721902	0.7577259232
24.8	-1.686746374	0.8507126066
24.9	-1.59723124	0.9390406334
25	-1.499007017	1.025291431
25.1	-1.392168724	1.11165906
25.2	-1.276608746	1.200004263
25.3	-1.152049886	1.29187604
25.4	-1.018075388	1.388481429
25.5	-0.874169221	1.490598937
25.6	-0.7197652045	1.59839918
25.7	-0.5543224593	1.711159366
25.8	-0.3774333457	1.826861601
25.9	-0.1889774725	1.941669627
26	0.01066721264	2.049372361
26.1	0.22036322	2.140962995
26.2	0.4379322533	2.204671304
26.3	0.6599141232	2.226889
26.4	0.8814798922	2.194319816
26.5	1.096620404	2.097261797
26.6	1.298685771	1.933129531
26.7	1.481224143	1.708632612
26.8	1.638908285	1.439193769
26.9	1.768253561	1.145481238
27	1.867900913	0.8485210745
27.1	1.938429057	0.5654902866
27.2	1.981842651	0.3075646916
27.3	2.000955743	0.07989318875
27.4	1.998847273	-0.1170987577
27.5	1.978473798	-0.2860057139
27.6	1.942445399	-0.4309488342
27.7	1.892929348	-0.5565268555
27.8	1.831636389	-0.6671992192
27.9	1.759851576	-0.7669915937
28	1.678483489	-0.8594037833
28.1	1.588116702	-0.947425365
28.2	1.489059634	-1.033597326
28.3	1.381386411	-1.120080046
28.4	1.26497187	-1.208703927
28.5	1.139523294	-1.30098566
28.6	1.004613284	-1.398098258
28.7	0.8597175736	-1.500769068
28.8	0.7042698514	-1.609096451
28.9	0.5377360078	-1.722254748
29	0.3597280535	-1.838071443
29.1	0.1701648585	-1.952506002
29.2	-0.03051441891	-2.059091353
29.3	-0.241085181	-2.148540636
29.4	-0.4592534622	-2.208850054
29.5	-0.6814269685	-2.226325577
29.6	-0.9026494859	-2.187860791
29.7	-1.116820704	-2.084296567
29.8	-1.317269781	-1.913886476
29.9	-1.497614164	-1.68425705
30	-1.652679055	-1.411527317
30.1	-1.779180603	-1.116618166
30.2	-1.875961986	-0.8203410323
30.3	-1.94376541	-0.5393501077
30.4	-1.984700486	-0.2842107011
30.5	-2.001628467	-0.05954584605
30.6	-1.997630583	0.1345850168
30.7	-1.97563739	0.3009827028
30.8	-1.938218687	0.4438529686
30.9	-1.887497275	0.5678017919
31	-1.825140981	0.6772554761
31.1	-1.752396212	0.776190654
31.2	-1.670137981	0.8680558056
31.3	-1.578922081	0.9557943465
31.4	-1.479032809	1.041907836
31.5	-1.370523475	1.128522514
31.6	-1.253251041	1.21743811
31.7	-1.126909065	1.31014243
31.8	-0.9910581704	1.407768058
31.9	-0.8451681574	1.510993351
32	-0.6886709948	1.619842135
32.1	-0.521041834	1.733376591
32.2	-0.3419149772	1.849270916
32.3	-0.1512481511	1.963272478
32.4	0.05045567518	2.068653932
32.5	0.2618797175	2.155851225
32.6	0.4806135582	2.212631275
32.7	0.7029325522	2.225238415
32.8	0.9237546023	2.180789499
32.9	1.13689368	2.070700451
33	1.335666232	1.894082856
33.1	1.513767759	1.65947393
33.2	1.666182396	1.383652663
33.3	1.789829606	1.087744777
33.4	1.883752343	0.7923079571
33.5	1.948851094	0.5134549516
33.6	1.987334677	0.2611438167
33.7	2.002106506	0.03948498179
33.8	1.996246705	-0.1518120132
33.9	1.972657756	-0.3157404882
34	1.933868513	-0.4565811858
34.1	1.881957242	-0.5789422533
34.2	1.818549168	-0.6872144045
34.3	1.744852506	-0.7853243571
34.4	1.661709181	-0.8766700189
34.5	1.569646924	-0.9641489277
34.6	1.468925811	-1.050223335
34.7	1.359578806	-1.136986791
34.8	1.241446108	-1.226209276
34.9	1.114206112	-1.319344989
35	0.9774096181	-1.417491133
35.1	0.8305192602	-1.521271427
35.2	0.6729681619	-1.630631497
35.3	0.5042405471	-1.744522921
35.4	0.3239932717	-1.860455311
35.5	0.1322272322	-1.973961003
35.6	-0.07048801858	-2.078049152
35.7	-0.2827432915	-2.162876829
35.8	-0.5020083271	-2.215998108
35.9	-0.7244250657	-2.223614792
36	-0.9447883915	-2.173098927
36.1	-1.15683225	-2.056475842
36.2	-1.353868678	-1.873732691
36.3	-1.529680026	-1.63430415
36.4	-1.679415603	-1.355592074
36.5	-1.80019972	-1.058879662
36.6	-1.891272676	-0.7644344969
36.7	-1.953687959	-0.4878123298
36.8	-1.989747529	-0.238366503
36.9	-2.002392209	-0.01970944103
37	-1.994697685	0.16878264
37.1	-1.96953666	0.3302825584
37.2	-1.929396256	0.4691371868
37.3	-1.87631025	0.5899516467
37.4	-1.811861623	0.6970789023
37.5	-1.7372209	0.7943954659
37.6	-1.65319746	0.8852485057
37.7	-1.560291078	0.9724904929
37.8	-1.458738441	1.058545734
37.9	-1.348552486	1.145474478
38	-1.22955584	1.235015949
38.1	-1.10141414	1.328595428
38.2	-0.9636665762	1.427266267
38.3	-0.8157713209	1.531602336
38.4	-0.6571608274	1.641465321
38.5	-0.4873312563	1.755689163
38.6	-0.3059641338	1.871618833
38.7	-0.113103761	1.984563906
38.8	0.09061064329	2.087266926
38.9	0.3036735219	2.169610204
39	0.5234335555	2.218940603
39.1	0.7458993534	2.221445565
39.2	0.9657450108	2.164785495
39.3	1.176630511	2.041626447
39.4	1.371872069	1.852845903
39.5	1.545347456	1.6087636
39.6	1.692376985	1.327363546
39.7	1.810291224	1.030039466
39.8	1.898524684	0.7367324753
39.9	1.958278399	0.462427653
40	1.991941792	0.2158797599
40.1	2.002488308	0.0002174406834
40.2	1.992986037	-0.1855005177
40.3	1.966276174	-0.3446131515
40.4	1.924803597	-0.4815250202
40.5	1.870557605	-0.600833675
40.6	1.805079315	-0.7068522825
40.7	1.72950202	-0.8034065335
40.8	1.644603034	-0.8937936759
40.9	1.550854837	-0.980821398
41	1.448470686	-1.066876419
41.1	1.337444004	-1.153986512
41.2	1.217580617	-1.243861956
41.3	1.088532688	-1.337893111
41.4	0.9498292776	-1.437096933
41.5	0.8009228842	-1.54198474
41.6	0.6412489412	-1.652340712
41.7	0.4703138719	-1.766873602
41.8	0.2878266496	-1.882756169
41.9	0.09387865517	-1.995073412
42	-0.1108211677	-2.096295717
42.1	-0.324667397	-2.17603408
42.2	-0.5448851275	-2.221444842
42.3	-0.7673498812	-2.218720181
42.4	-0.9866180704	-2.155844558
42.5	-1.19628202	-2.026156941
42.6	-1.38967082	-1.831437368
42.7	-1.56076621	-1.582872357
42.8	-1.705064763	-1.298988368
42.9	-1.820104077	-1.001241166
43	-1.905509679	-0.709212941
43.1	-1.962624594	-0.4373069139
43.2	-1.993920099	-0.1936847253
43.3	-2.002397337	0.018993192
43.4	-1.991113937	0.2019692021
43.5	-1.962878129	0.3587362871
43.6	-1.920091941	0.4937487151
43.7	-1.864700314	0.6115919801
43.8	-1.798202902	0.7165377083
43.9	-1.721696298	0.8123604909
44	-1.635926109	0.9023076141
44.1	-1.541337961	0.9891435739
44.2	-1.438122443	1.075217165
44.3	-1.326252882	1.162524972
44.4	-1.205519958	1.252746418
44.5	-1.075560861	1.3472399
44.6	-0.9358964457	1.44697932
44.7	-0.785974192	1.552420291
44.8	-0.6252312357	1.663256091
44.9	-0.4531885151	1.778071365
45	-0.2695822978	1.893862713
45.1	-0.07455176927	2.005481464
45.2	0.1311183325	2.105127171
45.3	0.3457216549	2.182140635
45.4	0.5663587399	2.223498297
45.5	0.7887715014	2.215428851
45.6	1.007401943	2.146273182
45.7	1.215781418	2.010072317
45.8	1.40726059	1.809519092
45.9	1.575933331	1.556648449
46	1.717477819	1.270484539
46.1	1.829639071	0.9725000901
46.2	1.912229865	0.681886103
46.3	1.966729575	0.4124541056
46.4	1.995685356	0.1717812585
46.5	2.002122119	-0.03792485278
46.6	1.989083956	-0.2181925528
46.7	1.959344635	-0.3726563673
46.8	1.915262982	-0.5058124371
46.9	1.858739692	-0.6222303202
47	1.791233343	-0.7261383624
47.1	1.713804295	-0.8212598689
47.2	1.627167102	-0.9107930811
47.3	1.531740853	-0.9974587078
47.4	1.427693365	-1.083569784
47.5	1.314979522	-1.171090417
47.6	1.193372632	-1.261670998
47.7	1.062498777	-1.356635787
47.8	0.9218679943	-1.456916971
47.9	0.7709241089	-1.562905911
48	0.6091084361	-1.674209996
48.1	0.4359548088	-1.789280915
48.2	0.2512301764	-1.904932108
48.3	0.05512553345	-2.015780367
48.4	-0.1514994764	-2.113748212
48.5	-0.3668334892	-2.187912787
48.6	-0.5878500012	-2.225088623
48.7	-0.810158472	-2.211562824
48.8	-1.028090135	-2.136068907
48.9	-1.235122259	-1.993380042
49	-1.424635994	-1.787108415
49.1	-1.590845545	-1.53011285
49.2	-1.72961497	-1.241873162
49.3	-1.83889668	-0.9438324023
49.4	-1.918686955	-0.6547620119
49.5	-1.97059565	-0.3878742932
49.6	-1.997240502	-0.1501698623
49.7	-2.001665362	0.05658025347
49.8	-1.986898412	0.2341744231
49.9	-1.95567764	0.3863775244
50	-1.910318234	0.517720252
50.1	-1.852676846	0.6327523098
50.2	-1.784171424	0.7356574695
50.3	-1.705826624	0.8301076272
50.4	-1.618326246	0.919251882
50.5	-1.522063295	1.005769136
50.6	-1.417183739	1.091935713
50.7	-1.303622883	1.179685248
50.8	-1.181139575	1.270636878
50.9	-1.049345396	1.366082002
51	-0.9077431122	1.466907047
51.1	-0.7557728065	1.573443133
51.2	-0.5928790751	1.685200335
51.3	-0.4186127756	1.800496575
51.4	-0.2327719551	1.915958988
51.5	-0.03559976026	2.025960849
51.6	0.1719632533	2.12214989
51.7	0.3879993087	2.193342554
51.8	0.6093543297	2.226204477
51.9	0.831505363	2.207113959
52	1.048676791	2.125230535
52.1	1.254299063	1.976086034
52.2	1.441792685	1.764217065
52.3	1.605499927	1.503282944
52.4	1.741475209	1.21317186
52.5	1.847877746	0.9152529751
52.6	1.924882978	0.6278499842
52.7	1.974225598	0.3635707707
52.8	1.998588139	0.1288501696
52.9	2.001029656	-0.07496187721
53	1.984559578	-0.249918731
53.1	1.951878989	-0.3999039248
53.2	1.905259162	-0.5294760291
53.3	1.846512892	-0.6431614677
53.4	1.77701792	-0.7450980111
53.5	1.697763641	-0.8389060109
53.6	1.609403749	-0.9276866709
53.7	1.512305604	-1.014076374
53.8	1.406592981	-1.100316758
53.9	1.292183437	-1.188309499
54	1.168818913	-1.279644907
54.1	1.036100773	-1.375578423
54.2	0.8935213277	-1.476952156
54.3	0.7405193308	-1.584029053
54.4	0.5765438958	-1.696225171
54.5	0.4011623268	-1.811716348
54.6	0.2142070458	-1.926936931
54.7	0.01597685881	-2.036014885
54.8	-0.1925067528	-2.13031921
54.9	-0.4092159334	-2.198413196
55	-0.6308670524	-2.226832865
55.1	-0.8528063142	-2.202073684
55.2	-1.069155536	-2.113756997
55.3	-1.273305771	-1.958199926
55.4	-1.458725852	-1.740864254
55.5	-1.619893796	-1.476180653
55.6	-1.753057844	-1.184400858
55.7	-1.856583195	-0.8867764411
55.8	-1.930820125	-0.601158804
55.9	-1.977622138	-0.3395473676
56	-1.999731346	-0.1078216509
56.1	-2.000217749	0.09307285766
56.2	-1.982069854	0.2654294208
56.3	-1.947950667	0.4132398625
56.4	-1.900087305	0.5410838843
56.5	-1.840248965	0.6534613746
56.6	-1.769773646	0.7544631246
56.7	-1.689616008	0.8476579386
56.8	-1.600399945	0.9360992617
56.9	-1.502467636	1.022382635
57	-1.395921451	1.10871431
57.1	-1.280660265	1.196965609
57.2	-1.156411841	1.288696548
57.3	-1.022763956	1.385126284
57.4	-0.8792028904	1.487050891
57.5	-0.72516312	1.594664486
57.6	-0.5601016759	1.707281195
57.7	-0.3836038332	1.822935009
57.8	-0.1955363791	1.937859731
57.9	0.003743214714	2.04593345
58	0.2131281004	2.138246875
58.1	0.430479613	2.203113858
58.2	0.6523834353	2.226961707
58.3	0.8740557244	2.196434301
58.4	1.08952046	2.101648075
58.5	1.29213698	1.939729097
58.6	1.475431294	1.71706415
58.7	1.634024458	1.44882395
58.8	1.764362106	1.155577466
58.9	1.865013989	0.8584165117
59	1.936500418	0.5746964189
59.1	1.980787845	0.3158066589
59.2	2.000672615	0.08708334441
59.3	1.999232022	-0.1109160595
59.4	1.979431255	-0.2807105699
59.5	1.943894266	-0.4263894953
59.6	1.894803874	-0.5525476597
59.7	1.833885925	-0.6636554774
59.8	1.762439106	-0.7637556425
59.9	1.681383878	-0.85636589
60	1.591314927	-0.9444921076
60.1	1.492549296	-1.030689415
60.2	1.385168486	-1.117129983
60.3	1.269053417	-1.205654935
60.4	1.1439167	-1.297791688
60.5	1.009334763	-1.394726249
60.6	0.8647858988	-1.497203134
60.7	0.7097042108	-1.605346676
60.8	0.5435527237	-1.71836815
60.9	0.3659363589	-1.834148751
61	0.1767604277	-1.948720644
61.1	-0.02355779659	-2.055706615
61.2	-0.2338248224	-2.145917739
61.3	-0.451787077	-2.207431588
61.4	-0.6738986212	-2.226581228
61.5	-0.8952476539	-2.190190022
61.6	-1.109765156	-2.08890531
61.7	-1.310786708	-1.920684808
61.8	-1.491904524	-1.692834613
61.9	-1.647889684	-1.421234225
62	-1.775387736	-1.12672137
62.1	-1.873171354	-0.8301871254
62.2	-1.94192611	-0.5484709341
62.3	-1.983725557	-0.2923514474
62.4	-2.001414986	-0.0666342962
62.5	-1.998075211	0.1284948807
62.6	-1.976646139	0.2957662012
62.7	-1.939711748	0.4393569913
62.8	-1.889410404	0.5638712742
62.9	-1.827424924	0.6737472318
63	-1.755015191	0.7729787727
63.1	-1.673067897	0.8650321952
63.2	-1.582148828	0.9528671539
63.3	-1.482550781	1.038998908
63.4	-1.374334209	1.125565486
63.5	-1.257362294	1.214377131
63.6	-1.131333437	1.306932746
63.7	-0.9958124162	1.404377815
63.8	-0.8502711036	1.507409189
63.9	-0.6941416279	1.616076517
64	-0.5268962163	1.729481268
64.1	-0.3481611847	1.845352997
64.2	-0.1578800074	1.959513094
64.3	0.04346669763	2.065325954
64.4	0.254594511	2.153324782
64.5	0.4731342632	2.211354218
64.6	0.6954077185	2.225679042
64.7	0.9163765012	2.183334116
64.8	1.129883959	2.075530024
64.9	1.329250038	1.901075969
65	1.50814191	1.668191856
65.1	1.661487371	1.393429651
65.2	1.786134567	1.097849043
65.3	1.881056793	0.8021007557
65.4	1.947099711	0.522488708
65.5	1.986438078	0.2691833802
65.6	2.001961163	0.04647289544
65.7	1.996749856	-0.1458125985
65.8	1.973716641	-0.3106006198
65.9	1.935404804	-0.4521466345
66	1.883908196	-0.5750586487
66.1	1.820866906	-0.6837400918
66.2	1.747502458	-0.7821351892
66.3	1.664668306	-0.8736596056
66.4	1.572901984	-0.9612267487
66.5	1.472471909	-1.047312552
66.6	1.363418218	-1.134022036
66.7	1.245586961	-1.223135816
66.8	1.118661671	-1.316119005
66.9	0.9821967112	-1.414082588
67	0.8356569062	-1.517668506
67.1	0.6784753347	-1.626850453
67.2	0.5101325708	-1.740619831
67.3	0.3302772404	-1.856543397
67.4	0.138895395	-1.970229849
67.5	-0.06346717078	-2.074780824
67.6	-0.2754342209	-2.160450599
67.7	-0.4945174368	-2.214867328
67.8	-0.7169054248	-2.224244475
67.9	-0.9374359373	-2.17586086
68	-1.149870247	-2.061525093
68.1	-1.347520961	-1.880916155
68.2	-1.524139071	-1.643155724
68.3	-1.67481539	-1.365432239
68.4	-1.796602326	-1.068979259
68.5	-1.888671479	-0.77417006
68.6	-1.952023415	-0.4967571093
68.7	-1.988928136	-0.2463045808
68.8	-2.002313929	-0.02659764965
68.9	-1.995258388	0.1628726024
69	-1.97064486	0.3252177297
69.1	-1.930975121	0.4647624772
69.2	-1.878298521	0.5861135214
69.3	-1.814212785	0.693637288
69.4	-1.73990158	0.7912279666
69.5	-1.656185613	0.8822503067
69.6	-1.563574342	0.9695726088
69.7	-1.46231271	1.055632419
69.8	-1.352420546	1.142501466
69.9	-1.233726524	1.231929361
70	-1.105900838	1.325352929
70.1	-0.9684867652	1.423838998
70.2	-0.8209438101	1.527981103
70.3	-0.6627045969	1.637669123
70.4	-0.4932610637	1.751779317
70.5	-0.31228585	1.867714818
70.6	-0.1198077407	1.980863612
70.7	0.08355848767	2.084062094
70.8	0.2963414711	2.167288208
70.9	0.5159324515	2.217960033
71	0.7383867294	2.222267481
71.1	0.9584203093	2.167766008
71.2	1.16971837	2.046893936
71.3	1.365594689	1.860215589
71.4	1.539892665	1.617742676
71.5	1.687872128	1.33726005
71.6	1.806791362	1.040128337
71.7	1.89601727	0.7464067532
71.8	1.956699873	0.4712814193
71.9	1.991198625	0.2237159833
72	2.002476105	0.007006651307
72.1	1.993603422	-0.1796785327
72.2	1.967432961	-0.339621891
72.3	1.926424451	-0.4772087092
72.4	1.87258275	-0.5970397099
72.5	1.807463581	-0.7034422038
72.6	1.732213203	-0.8002596997
72.7	1.647620115	-0.8908069145
72.8	1.554166291	-0.9779070512
72.9	1.452073112	-1.06395999
73	1.341340867	-1.151004787
73.1	1.221781136	-1.24076196
73.2	1.093050913	-1.334633853
73.3	0.9546825721	-1.43365092
73.4	0.8061305822	-1.538345124
73.5	0.6468294464	-1.648530317
73.6	0.4762813922	-1.762957849
73.7	0.2941861479	-1.878861703
73.8	0.1006183033	-1.991406603
73.9	-0.1037384578	-2.093157856
74	-0.3173134995	-2.173821526
74.1	-0.537375301	-2.220619421
74.2	-0.759846155	-2.219738064
74.3	-0.9793232437	-2.159045171
74.4	-1.189421826	-2.031640843
74.5	-1.383465529	-1.838987927
74.6	-1.555398765	-1.591971777
74.7	-1.700655777	-1.308934062
74.8	-1.816701633	-1.011313678
74.9	-1.903095429	-0.7188222069
75	-1.961131147	-0.4460678409
75.1	-1.993252132	-0.2014188893
75.2	-2.002450258	0.01230215808
75.3	-1.991787156	0.1962339957
75.4	-1.96408279	0.3538171137
75.5	-1.921754225	0.4894893518
75.6	-1.866761912	0.6078408726
75.7	-1.800619973	0.7131580434
75.8	-1.724437789	0.8092333348
75.9	-1.63897198	0.8993314529
76	-1.544677569	0.9862321034
76.1	-1.441753061	1.072297003
76.2	-1.330178592	1.159533883
76.3	-1.209750519	1.249632788
76.4	-1.080110634	1.343963378
76.5	-0.9407831817	1.443514587
76.6	-0.7912170634	1.548762676
76.7	-0.6308486222	1.659431616
76.8	-0.4591939829	1.774151101
76.9	-0.27597931	1.889979882
77	-0.08132658963	2.001851107
77.1	0.1240055733	2.102060059
77.2	0.3383468632	2.180040971
77.3	0.5588416896	2.222831521
77.4	0.7812785479	2.216645427
77.5	1.000139095	2.149694545
77.6	1.208975254	2.015770676
77.7	1.401129113	1.81724636
77.8	1.570654359	1.565862147
77.9	1.713165126	1.280472769
78	1.826333832	0.98255056
78.1	1.909908137	0.6914266844
78.2	1.965320349	0.421120605
78.3	1.995091634	0.1794132404
78.4	2.002239211	-0.03133117663
78.5	1.989812171	-0.2125427617
78.6	1.960596479	-0.3678078116
78.7	1.916966145	-0.501608619
78.8	1.860837323	-0.6185207966
78.9	1.793682919	-0.7227879899
79	1.716575905	-0.8181514916
79.1	1.630241693	-0.907826714
79.2	1.535108567	-0.9945493898
79.3	1.431352216	-1.080645322
79.4	1.318934183	-1.168089653
79.5	1.19763332	-1.258543039
79.6	1.067080311	-1.35334203
79.7	0.926788247	-1.453433348
79.8	0.7762024687	-1.55923038
79.9	0.6147628389	-1.67037251
80	0.441998088	-1.785357239
80.1	0.2576646779	-1.901062783
80.2	0.06193531515	-2.012189205
80.3	-0.1443574705	-2.11075552
80.4	-0.3594390338	-2.185931081
80.5	-0.5803273106	-2.224585642
80.6	-0.8026782616	-2.212981787
80.7	-1.020861414	-2.139712076
80.8	-1.228372157	-1.999290452
80.9	-1.418579993	-1.795006583
81	-1.585656117	-1.539433581
81.1	-1.725398973	-1.251897136
81.2	-1.835688433	-0.9538556044
81.3	-1.916457048	-0.6642305978
81.4	-1.96926967	-0.3964449206
81.5	-1.996720021	-0.1576997179
81.6	-2.001845705	0.0500829965
81.7	-1.987680809	0.2286087173
81.8	-1.956976	0.3815980953
81.9	-1.912061757	0.5135705474
82	-1.854810129	0.6290831022
82.1	-1.786653242	0.7323353158
82.2	-1.708628185	0.8270170537
82.3	-1.621429438	0.9162945125
82.4	-1.525459124	1.002861348
82.5	-1.420870872	1.089006383
82.6	-1.307606576	1.176674153
82.7	-1.185430582	1.267494551
82.8	-1.053958809	1.362770542
82.9	-0.9126971733	1.463404589
83	-0.7610867102	1.569750096
83.1	-0.5985705989	1.681350122
83.2	-0.4246940722	1.796570855
83.3	-0.2392437359	1.912105356
83.4	-0.04244394086	2.022412039
83.5	0.1647926882	2.119235717
83.6	0.3805862392	2.191482771
83.7	0.6018275774	2.225868791
83.8	0.8240398495	2.208737719
83.9	1.041484363	2.129095718
84	1.247607124	1.982205882
84.1	1.435813833	1.772281196
84.2	1.600401051	1.5127041
84.3	1.7373562	1.22322482
84.4	1.844766189	0.925243507
84.5	1.922744218	0.6372433006
84.6	1.972982	0.3720441668
84.7	1.998139919	0.1362779357
84.8	2.001272304	-0.06856005294
84.9	1.98539535	-0.244435708
85	1.953223194	-0.3951921746
85.1	1.907042518	-0.5253790584
85.2	1.848681431	-0.6395313345
85.3	1.779531692	-0.7418029674
85.4	1.700594971	-0.8358323694
85.5	1.612535492	-0.9247375359
85.6	1.515729509	-1.011169393
85.7	1.410308435	-1.097381987
85.8	1.296196291	-1.18528785
85.9	1.173140305	-1.276487403
86	1.040746303	-1.372249473
86.1	0.8985092896	-1.473430589
86.2	0.7458690497	-1.580318918
86.3	0.582272617	-1.692363295
86.4	0.4072815394	-1.807789815
86.5	0.22071604	-1.923101124
86.6	0.02285510298	-2.032511414
86.7	-0.1853084793	-2.127487341
86.8	-0.4017855043	-2.196680253
86.9	-0.6233378895	-2.226669259
87	-0.8453575001	-2.203905405
87.1	-1.062001528	-2.117844565
87.2	-1.266673955	-1.964526229
87.3	-1.452825694	-1.749088329
87.4	-1.614886402	-1.48569514
87.5	-1.749036087	-1.194476317
87.6	-1.853567985	-0.8967294186
87.7	-1.928771733	-0.6104738966
87.8	-1.976459903	-0.347922462
87.9	-1.999354396	-0.1151476484
88	-2.000521799	0.08676543241
88.1	-1.982958208	0.2600276917
88.2	-1.94934008	0.4085942804
88.3	-1.901910002	0.5370382376
88.4	-1.842452402	0.6498690768
88.5	-1.772319138	0.7511941582
88.6	-1.692476966	0.8446002889
88.7	-1.60356014	0.9331575914
88.8	-1.505919646	1.019475836
88.9	-1.399665269	1.105773544
89	-1.284702398	1.193932637
89.1	-1.160763762	1.285523997
89.2	-1.027441763	1.381779043
89.3	-0.8842249736	1.483510855
89.4	-0.7305487073	1.590937099
89.5	-0.5658679015	1.703408313
89.6	-0.3897609686	1.819009417
89.7	-0.2020821763	1.934043946
89.8	-0.003168769567	2.042478549
89.9	0.2059027872	2.135501187
90	0.4230330694	2.201511262
90.1	0.6448535315	2.226973731
90.2	0.866625601	2.198476103
90.3	1.082406991	2.105957739
90.4	1.285567248	1.946259012
90.5	1.469611328	1.725443235
90.6	1.629109418	1.458425292
90.7	1.760437769	1.165668987
90.8	1.862094737	0.8683269927
90.9	1.934541657	0.5839304889
91	1.979706072	0.3240824907
91.1	2.000365975	0.09430784817
91.2	1.999596561	-0.104701961
91.3	1.980371418	-0.2753886966
91.4	1.945328253	-0.4218086398
91.5	1.896665417	-0.5485519885
91.6	1.836123891	-0.6600998068
91.7	1.765016058	-0.7605117083
91.8	1.684274316	-0.8533233799
91.9	1.594503511	-0.9415570906
92	1.49602937	-1.027782193
92.1	1.388940799	-1.114182676
92.2	1.273124829	-1.202610423
92.3	1.148299464	-1.294603559
92.4	1.014044958	-1.391360889
92.5	0.8698422711	-1.493644032
92.6	0.7151259538	-1.601602953
92.7	0.5493563045	-1.714485194
92.8	0.3721314029	-1.830225206
92.9	0.1833431514	-1.944927229
93	-0.01661273387	-2.052303375
93.1	-0.2265735099	-2.143262601
93.2	-0.4443257126	-2.205965072
93.3	-0.6663697014	-2.22677337
93.4	-0.8878382907	-2.192444642
93.5	-1.1026944	-2.093436807
93.6	-1.304281026	-1.927414189
93.7	-1.486166232	-1.701361628
93.8	-1.64306779	-1.430914836
93.9	-1.771560957	-1.136822528
94	-1.87034763	-0.8400505824
94.1	-1.94005613	-0.5576213878
94.2	-1.982723231	-0.3005271685
94.3	-2.001177642	-0.07375778885
94.4	-1.99849934	0.122372952
94.5	-1.977637332	0.2905227646
94.6	-1.941189682	0.4348393721
94.7	-1.891310313	0.5599241953
94.8	-1.82969707	0.6702269857
94.9	-1.757623371	0.7697588341
95	-1.675987646	0.8620038922
95.1	-1.585365732	0.949938139
95.2	-1.486058972	1.036090571
95.3	-1.378134977	1.122611124
95.4	-1.261463259	1.211320498
95.5	-1.135746942	1.303728734
95.6	-1.000555193	1.400993319
95.7	-0.8553617889	1.503831802
95.8	-0.6995996476	1.612315949
95.9	-0.5327376918	1.725589474
96	-0.3543940398	1.84143363
96.1	-0.1644989991	1.955744513
96.2	0.03648870349	2.061978123
96.3	0.2473177451	2.150763044
96.4	0.4656593732	2.210026813
96.5	0.6878814718	2.226054578
96.6	0.9089898807	2.185803207
96.7	1.122858004	2.080282677
96.8	1.322810291	1.908002132
96.9	1.502486667	1.676862162
97	1.656759388	1.403183552
97.1	1.78240541	1.107953841
97.2	1.878328138	0.8119126552
97.3	1.94531781	0.5315532464
97.4	1.985514349	0.2772584056
97.5	2.001792236	0.05349583489
97.6	1.997232749	-0.1397816348
97.7	1.974758194	-0.3054341413
97.8	1.936926152	-0.4476908169
97.9	1.885846072	-0.5711588354
98	1.823172957	-0.6802540725
98.1	1.750141696	-0.7789382542
98.2	1.667617362	-0.8706447199
98.3	1.576147223	-0.958302831
98.4	1.476008239	-1.044402591
98.5	1.367247764	-1.131060142
98.6	1.249717347	-1.220066525
98.7	1.123106524	-1.312899083
98.8	0.9869722564	-1.410680406
98.9	0.840782636	-1.514071642
99	0.6839698841	-1.623075349
99.1	0.5160112269	-1.73671925
99.2	0.3365482209	-1.852628832
99.3	0.1455512573	-1.966488453
99.4	-0.05645750119	-2.071491123
99.5	-0.2681334888	-2.157989392
99.6	-0.4870303542	-2.213685902
99.7	-0.7093837122	-2.224808304
99.8	-0.9300742291	-2.17854707
99.9	-1.142891237	-2.066497809
100	-1.341149014	-1.888033094
100.1	-1.518568242	-1.651960693
100.2	-1.670181911	-1.375250955
100.3	-1.792970777	-1.079081345
100.4	-1.88603732	-0.7839263279
100.5	-1.950328534	-0.5057332641
100.6	-1.988081841	-0.2542783476
100.7	-2.002212311	-0.0335207985
100.8	-1.99579909	0.1569314085
100.9	-1.971735917	0.3201267868
101	-1.932539199	0.4603669272
101.1	-1.880273837	0.5822595839
101.2	-1.81655235	0.6901843587
101.3	-1.742571581	0.7880528986
101.4	-1.659163625	0.879247896
101.5	-1.566847829	0.9666534095
101.6	-1.465877209	1.052719949
101.7	-1.356278506	1.139531331
101.8	-1.23788707	1.228848311
101.9	-1.110376779	1.322115908
102	-0.9732954918	1.420418925
102.1	-0.8261040881	1.524366088
102.2	-0.6682355556	1.633878011
102.3	-0.4991776403	1.747871659
102.4	-0.3185943377	1.863807716
102.5	-0.1264992538	1.977152072
102.6	0.07651716355	2.080834463
102.7	0.2890172834	2.164928859
102.8	0.5084346939	2.216926284
102.9	0.7308713485	2.223021577
103	0.9510855634	2.170669782
103.1	1.162788441	2.052085164
103.2	1.359292386	1.867520612
103.3	1.534407473	1.62667784
103.4	1.68333373	1.347137735
103.5	1.803257272	1.050221703
103.6	1.893477001	0.7561030056
103.7	1.95509125	0.4801673647
103.8	1.990428815	0.2315879859
103.9	2.002440818	0.01383051155
104	1.994201006	-0.1738257968
104.1	1.968572772	-0.3346049791
104.2	1.928030629	-0.4728720591
104.3	1.874594999	-0.5932303824
104.4	1.80983626	-0.7000211685
104.5	1.734913704	-0.7971057057
104.6	1.65062706	-0.8878162028
104.7	1.557467855	-0.9749915094
104.8	1.455665664	-1.061044693
104.9	1.345227626	-1.148026179
105	1.225971181	-1.237666625
105.1	1.097558109	-1.331380462
105.2	0.9595242264	-1.430211394
105.3	0.8113259878	-1.534711949
105.4	0.6523970536	-1.644724793
105.5	0.4822356915	-1.759043892
105.6	0.3005324983	-1.874963653
105.7	0.1073455128	-1.987727678
105.8	-0.09666643409	-2.089996132
105.9	-0.3099671269	-2.171570508
106	-0.5298683517	-2.219739318
106.1	-0.7523391054	-2.220687013
106.2	-0.9720177352	-2.162168668
106.3	-1.182543236	-2.037049159
106.4	-1.377234833	-1.846475479
106.5	-1.55000062	-1.60102962
106.6	-1.696213176	-1.318863184
106.7	-1.813265112	-1.021392527
106.8	-1.900648643	-0.72845465
106.9	-1.959608016	-0.4548614119
107	-1.99255794	-0.2091887776
107.1	-2.002480483	0.005576837725
107.2	-1.992440922	0.1904685622
107.3	-1.965270766	0.3488728768
107.4	-1.923402066	0.4852102102
107.5	-1.868810794	0.6040749057
107.6	-1.803025592	0.7097678576
107.7	-1.727168685	0.8060993772
107.8	-1.642007774	0.8963516789
107.9	-1.548007331	0.9833197056
108	-1.445373801	1.069378203
108.1	-1.3340942	1.156546073
108.2	-1.213970554	1.246524034
108.3	-1.084649336	1.340692833
108.4	-0.9456582221	1.440056515
108.5	-0.7964475426	1.545111357
108.6	-0.6364531007	1.655611874
108.7	-0.4651862011	1.770232371
108.8	-0.2823631352	1.886092804
108.9	-0.08808913152	1.9982077
109	0.1169032153	2.09896776
109.1	0.330979238	2.177900984
109.2	0.5513269911	2.222108551
109.3	0.7737816002	2.217791995
109.4	0.9928648037	2.153038468
109.5	1.202149939	2.021394278
109.6	1.394971605	1.824912601
109.7	1.565344299	1.575036787
109.8	1.708818683	1.290446939
109.9	1.822994591	0.992609337
110	1.907554103	0.7009916767
110.1	1.963881759	0.4298203434
110.2	1.994472049	0.187080977
110.3	2.002333948	-0.02470354589
110.4	1.990521229	-0.2068632249
110.5	1.961831885	-0.3629347099
110.6	1.918655056	-0.4973855322
110.7	1.862922383	-0.6147968678
110.8	1.796121145	-0.7194274925
110.9	1.719336991	-0.8150366682
111	1.633306249	-0.9048570041
111.1	1.538466437	-0.9916393927
111.2	1.435001183	-1.077722438
111.3	1.322878698	-1.165092428
111.4	1.201883434	-1.255419927
111.5	1.071650718	-1.35005439
111.6	0.9316964869	-1.449955514
111.7	0.7814686171	-1.555561712
111.8	0.6204040998	-1.66653957
111.9	0.4480282265	-1.781434185
112	0.2640864139	-1.897188715
112.1	0.06873277331	-2.008583904
112.2	-0.137225779	-2.107736751
112.3	-0.3520512033	-2.183908866
112.4	-0.5728063774	-2.224025286
112.5	-0.7951933934	-2.21432988
112.6	-1.013620571	-2.143277823
112.7	-1.221602308	-2.005126778
112.8	-1.412497503	-1.802844794
112.9	-1.580435274	-1.548717187
113	-1.721149132	-1.261909118
113.1	-1.83244634	-0.9638889668
113.2	-1.914195147	-0.6737248053
113.3	-1.96791472	-0.4050491829
113.4	-1.996174041	-0.1652652866
113.5	-2.002004069	0.04355202714
113.6	-1.988444394	0.2230137389
113.7	-1.958258212	0.376794629
113.8	-1.913791278	0.5094020307
113.9	-1.856931051	0.6253999137
114	-1.789123874	0.7290033898
114.1	-1.711419331	0.8239202746
114.2	-1.624522685	0.9133341528
114.3	-1.52884524	0.9999530242
114.4	-1.424548084	1.086078812
114.5	-1.311580306	1.173666384
114.6	-1.189710805	1.264357359
114.7	-1.058561217	1.359464954
114.8	-0.9176395657	1.459909398
114.9	-0.7663880107	1.566062835
115	-0.6042494161	1.677503978
115.1	-0.4307622487	1.792646104
115.2	-0.2457022412	1.908245992
115.3	-0.04927640234	2.018848277
115.4	0.1576317746	2.116293465
115.5	0.3731794179	2.189578563
115.6	0.5943019641	2.225473517
115.7	0.8165688449	2.210289138
115.8	1.034278883	2.132883027
115.9	1.240894517	1.988253217
116	1.429807727	1.780288969
116.1	1.595270333	1.522091676
116.2	1.733203169	1.233268716
116.3	1.841620782	0.9352460643
116.4	1.920573658	0.6466633558
116.5	1.971709663	0.3805519153
116.6	1.997666589	0.1437414646
116.7	2.001493269	-0.06212492664
116.8	1.986212564	-0.2389238233
116.9	1.954551466	-0.3904568766
117	1.908812022	-0.5212637838
117.1	1.850837705	-0.6358876375
117.2	1.782034344	-0.7384985349
117.3	1.703415982	-0.8327529846
117.4	1.615657318	-0.9217854551
117.5	1.51914356	-1.008262233
117.6	1.414014141	-1.094449064
117.7	1.300198803	-1.1822702
117.8	1.17745157	-1.273335477
117.9	1.045380527	-1.368926494
118	0.9034855597	-1.469915748
118.1	0.751206189	-1.576614639
118.2	0.5879882959	-1.688505271
118.3	0.4133874858	-1.803863257
118.4	0.2272120393	-1.919258681
118.5	0.02972147134	-2.028991572
118.6	-0.178119773	-2.12462608
118.7	-0.3943609502	-2.19490231
118.8	-0.6158093097	-2.226444829
118.9	-0.8379025306	-2.20566393
119	-1.054833739	-2.121854208
119.1	-1.260020773	-1.970780541
119.2	-1.446897717	-1.757257036
119.3	-1.609846778	-1.495177743
119.4	-1.74498016	-1.204544674
119.5	-1.850518999	-0.9066961669
119.6	-1.926691702	-0.619816783
119.7	-1.975269204	-0.356332186
119.8	-1.998952536	-0.1225093111
119.9	-2.000804393	0.08042500731
120	-1.983828186	0.2545976014
120.1	-1.950713688	0.4039256417
120.2	-1.903718938	0.5329747262
120.3	-1.844643625	0.6462636253
120.4	-1.774853518	0.7479161392
120.5	-1.695327536	0.8415371037
120.6	-1.606710355	0.9302133626
120.7	-1.509361792	1.016569013
120.8	-1.403399127	1.102834912
120.9	-1.288734251	1.190903639
121	-1.165104959	1.282356757
121.1	-1.03210824	1.378438151
121.2	-0.889235068	1.479977263
121.3	-0.7359217155	1.587215562
121.4	-0.5716210143	1.69953923
121.5	-0.3959048076	1.815083298
121.6	-0.2086150881	1.93022083
121.7	-0.01006904803	2.039006246
121.8	0.1986868238	2.132724646
121.9	0.4155920359	2.199862565
122	0.6373236903	2.226923813
122.1	0.8591886931	2.200444116
122.2	1.07527908	2.110189688
122.3	1.278975547	1.952718041
122.4	1.463763108	1.733768738
122.5	1.62416195	1.467997148
122.6	1.756479307	1.175755707
122.7	1.859141926	0.8782528983
122.8	1.93255159	0.5931932521
122.9	1.978596233	0.3323931978
123	2.000034836	0.101567828
123.1	1.99994002	-0.09845533314
123.2	1.981293525	-0.270039026
123.3	1.946746701	-0.417205297
123.4	1.898513409	-0.5445389811
123.5	1.838349801	-0.6565314516
123.6	1.767582017	-0.7572591331
123.7	1.687154446	-0.8502756719
123.8	1.597682156	-0.9386198138
123.9	1.499499607	-1.024875208
124	1.392703139	-1.111237721
124.1	1.277185943	-1.19957001
124.2	1.152671449	-1.291420945
124.3	1.018743756	-1.388001909
124.4	0.8748866241	-1.490091499
124.5	0.7205350292	-1.59786502
124.6	0.5551467406	-1.710605663
124.7	0.3783131864	-1.826300696
124.8	0.1899130208	-1.941125716
124.9	-0.009679261074	-2.048881685
125	-0.219331231	-2.140575382
125.1	-0.436869396	-2.204450638
125.2	-0.658840254	-2.226902097
125.3	-0.8804214489	-2.194624594
125.4	-1.095608477	-2.097890749
125.5	-1.297752732	-1.934074046
125.6	-1.48039921	-1.709837355
125.7	-1.638213216	-1.440568362
125.8	-1.767700036	-1.146920995
125.9	-1.867490531	-0.8499310132
126	-1.938155169	-0.5668013623
126.1	-1.981693204	-0.3087379841
126.2	-2.000916151	-0.08091657303
126.3	-1.998902714	0.1162189064
126.4	-1.978610747	0.2852520563
126.5	-1.9426523	0.4302997921
126.6	-1.893196844	0.5559602666
126.7	-1.831957289	0.6666944826
126.8	-1.760220642	0.7665306123
126.9	-1.678897143	0.8589707229
127	-1.588572728	0.9470071307
127.1	-1.489557319	1.033182684
127.2	-1.381925753	1.119659303
127.3	-1.265553891	1.208268178
127.4	-1.140149615	1.300530259
127.5	-1.005286634	1.397616305
127.6	-0.8604404382	1.500260559
127.7	-0.7050449625	1.60856153
127.8	-0.5385657253	1.721700528
127.9	-0.3606136306	1.837512444
128	-0.1711054859	1.951966928
128.1	0.02952234559	2.058610209
128.2	0.2400499114	2.148168724
128.3	0.4581891051	2.208650604
128.4	0.6803541257	2.226365651
128.5	0.9015950959	2.188197104
128.6	1.115816137	2.084957943
128.7	1.316347248	1.914859432
128.8	1.496802195	1.685482533
128.9	1.65199845	1.412912207
129	1.778642086	1.118058018
129.1	1.875566252	0.8217430963
129.2	1.943505117	0.5406480817
129.3	1.984563166	0.2853687188
129.4	2.001599439	0.06055390158
129.5	1.997695142	-0.1337190068
129.6	1.975782165	-0.3002409117
129.7	1.938432336	-0.4432135385
129.8	1.887770675	-0.5672426368
129.9	1.825467142	-0.6767562223
130	1.752770055	-0.7757333836
130.1	1.670556108	-0.867625209
130.2	1.579382502	-0.9553772793
130.3	1.4795347	-1.041493238
130.4	1.371067132	-1.128100937
130.5	1.253837504	-1.217001794
130.6	1.127540292	-1.309684617
130.7	0.99173634	-1.407284628
130.8	0.8458960416	-1.510481927
130.9	0.6894514383	-1.61930515
131	0.5218768757	-1.732821431
131.1	0.3428058374	-1.848712571
131.2	0.1521940656	-1.962737262
131.3	-0.04945898916	-2.068180787
131.4	-0.26084104	-2.15549289
131.5	-0.4795474494	-2.212452531
131.6	-0.7018602907	-2.225305399
131.7	-0.9227036682	-2.181156835
131.8	-1.13589569	-2.071393446
131.9	-1.334753261	-1.895083561
132	-1.512967796	-1.660719155
132.1	-1.665515316	-1.38504746
132.2	-1.789305096	-1.089184766
132.3	-1.883370183	-0.7937023643
132.4	-1.948603325	-0.5147404827
132.5	-1.98720854	-0.2622874028
132.6	-2.002087217	-0.04047869609
132.7	-1.996319626	0.1509589717
132.8	-1.972809696	0.3150096258
132.9	-1.934088344	0.4559505074
133	-1.882236052	0.5783897845
133.1	-1.818880166	0.6867199966
133.2	-1.745230789	0.7848703472
133.3	-1.662131481	0.8762412583
133.4	-1.570111374	0.9637326092
133.5	-1.469431762	1.049808475
133.6	-1.360126521	1.136564155
133.7	-1.242036868	1.225770998
133.8	-1.114841696	1.318884976
133.9	-0.9780924912	1.417004825
134	-0.8312521772	1.520757671
134.1	-0.673753698	1.630092353
134.2	-0.5050809931	1.74396648
134.3	-0.3248896325	1.859898009
134.4	-0.1331781924	1.973429903
134.5	0.0694868555	2.077584823
134.6	0.281701203	2.162533346
134.7	0.5009405942	2.215840106
134.8	0.7233536177	2.223708554
134.9	0.943741218	2.173497157
135	1.155841196	2.057200052
135.1	1.352965606	1.87476037
135.2	1.528892252	1.635568325
135.3	1.67876208	1.356995582
135.4	1.799689159	1.060318692
135.5	1.89090401	0.7658205825
135.6	1.953452612	0.4890850344
135.7	1.989632403	0.2394955306
135.8	2.002382472	0.0206889262
135.9	1.994778809	-0.1679423199
136	1.969695629	-0.3295623859
136.1	1.929622155	-0.4685150294
136.2	1.876594381	-0.5894056496
136.3	1.812197388	-0.6965891391
136.4	1.737603559	-0.7939445116
136.5	1.653623907	-0.8848215279
136.6	1.56075958	-0.9720747577
136.7	1.459248378	-1.058130511
136.8	1.349104329	-1.14505062
136.9	1.230150798	-1.234576076
137	1.102054301	-1.328132928
137.1	0.9643542868	-1.426778461
137.2	0.8165090953	-1.531085241
137.3	0.6579517783	-1.640924352
137.4	0.4881767954	-1.755132006
137.5	0.3068656305	-1.87106231
137.6	0.114060235	-1.984037115
137.7	-0.08960511774	-2.086811038
137.8	-0.3026284189	-2.169281347
137.9	-0.522364483	-2.218804942
138	-0.744828973	-2.221567382
138.1	-0.9647018108	-2.16521515
138.2	-1.175646511	-2.042381713
138.3	-1.370978949	-1.853899663
138.4	-1.544571939	-1.610045267
138.5	-1.691737047	-1.328774977
138.6	-1.809794523	-1.03147703
138.7	-1.898169263	-0.7381098001
138.8	-1.95805512	-0.4636874385
138.9	-1.991837436	-0.2169943527
139	-2.002487922	-0.001182831772
139.1	-1.993075153	0.1846727687
139.2	-1.96644199	0.3439034172
139.3	-1.92503541	0.4809111404
139.4	-1.870846922	0.6002939409
139.5	-1.805419732	0.7063670265
139.6	-1.72988898	0.8029585373
139.7	-1.645033496	0.8933681983
139.8	-1.551327243	0.9804062991
139.9	-1.44898467	1.066460703
140	-1.337999714	1.153561523
140.1	-1.21818008	1.24342006
140.2	-1.089177001	1.337428296
140.3	-0.9505215629	1.436605022
140.4	-0.8016657036	1.541466345
140.5	-0.6420446744	1.651797046
140.6	-0.4711651502	1.766315252
140.7	-0.2887338061	1.882201695
140.8	-0.09483936103	1.994551586
140.9	0.109811369	2.095850692
141	0.3236189277	2.175721486
141.1	0.5438148424	2.221330119
141.2	0.7662809046	2.218869064
141.3	0.985579345	2.156305133
141.4	1.195305739	2.026942806
141.5	1.388788285	1.832516979
141.6	1.56000329	1.584171424
141.7	1.704438548	1.300406198
141.8	1.819621331	1.002675776
141.9	1.905167685	0.7105806704
142	1.962413688	0.4385531278
142.1	1.993826479	0.1947844736
142.2	2.002406223	-0.01804184259
142.3	1.991211036	-0.2011537849
142.4	1.963050777	-0.358036887
142.5	1.92032966	-0.4931429955
142.6	1.864994832	-0.6110583775
142.7	1.798547993	-0.7160567348
142.8	1.722087541	-0.8119152718
142.9	1.636360754	-0.9018838542
143	1.541814463	-0.9887286344
143.1	1.438640276	-1.074801047
143.2	1.326813076	-1.162098552
143.3	1.206123031	-1.252301858
143.4	1.076209971	-1.346772756
143.5	0.9365932996	-1.446484934
143.6	0.7867221324	-1.551898779
143.7	0.6260325424	-1.662711052
143.8	0.4540450817	-1.777512725
143.9	0.2704946914	-1.893309782
144	0.07551802892	-2.004965046
144.1	-0.1301041705	-2.104691662
144.2	-0.3446703676	-2.181844216
144.3	-0.5652874699	-2.223407119
144.4	-0.7877040661	-2.2156068
144.5	-1.006367759	-2.146765658
144.6	-1.214812782	-2.010888988
144.7	-1.406388527	-1.810623841
144.8	-1.575183071	-1.557963702
144.9	-1.716865419	-1.271908713
145	-1.829170242	-0.9739317661
145.1	-1.911901064	-0.6832441106
145.2	-1.9665306	-0.413687019
145.3	-1.995602402	-0.1728665804
145.4	-2.002140239	0.03698737783
145.5	-1.989188958	0.217389325
145.6	-1.959524085	0.3719669826
145.7	-1.915506608	0.5052146015
145.8	-1.859039424	0.6217026227
145.9	-1.791583151	0.7256615892
146	-1.714199943	0.8208173387
146.1	-1.627605877	0.910370584
146.2	-1.532221395	0.9970442125
146.3	-1.428215404	1.083152951
146.4	-1.315543693	1.170662556
146.5	-1.193980528	1.261225108
146.6	-1.063152331	1.35616592
146.7	-0.9225699244	1.456420159
146.8	-0.7716770194	1.562381908
146.9	-0.609914985	1.673662681
147	-0.4368169031	1.788721719
147.1	-0.2521479035	1.904381122
147.2	-0.05609661932	2.01526954
147.3	0.1504810996	2.113323617
147.4	0.3657792751	2.187632887
147.5	0.5867778825	2.225020292
147.6	0.809092815	2.211769257
147.7	1.027060796	2.136592768
147.8	1.23416162	1.994226798
147.9	1.423774671	1.788237615
148	1.590107972	1.531443344
148.1	1.729016247	1.243302251
148.2	1.83844157	0.9452600258
148.3	1.918371165	0.6561097025
148.4	1.970408489	0.3890935395
148.5	1.9971679	0.1512406819
148.6	2.001692406	-0.05565641801
148.7	1.987011063	-0.2333830683
148.8	1.955863654	-0.3856979069
148.9	1.910567554	-0.5171300499
149	1.852981609	-0.6322302845
149.1	1.78452578	-0.7351846324
149.2	1.7062265	-0.8296675931
149.3	1.618769089	-0.918830632
149.4	1.522547813	-1.005354765
149.5	1.417709776	-1.091518152
149.6	1.304191219	-1.179255963
149.7	1.1817517	-1.270188676
149.8	1.050003549	-1.365609749
149.9	0.9084497723	-1.466407565
150	0.756530831	-1.572916445
150.1	0.593690971	-1.684651498
150.2	0.4194801542	-1.799937131
150.3	0.2336950032	-1.915410166
150.4	0.03657590657	-2.025456036
150.5	-0.1709408125	-2.121736176
150.6	-0.3869425437	-2.193080171
150.7	-0.6082816605	-2.226160386
150.8	-0.8304418192	-2.207349843
150.9	-1.047652617	-2.125786132
151	-1.253346668	-1.97696265
151.1	-1.440942317	-1.765369728
151.2	-1.604775257	-1.504627612
151.3	-1.740890309	-1.214605069
151.4	-1.847436393	-0.9166759553
151.5	-1.924580128	-0.6291869522
151.6	-1.974050106	-0.364776219
151.7	-1.998525805	-0.1299065095
151.8	-2.001065562	0.07405161898
151.9	-1.984679816	0.2491391223
152	-1.952071524	0.3992338983
152.1	-1.90551415	0.5288932987
152.2	-1.846822674	0.6426449729
152.3	-1.777376835	0.744629032
152.4	-1.698167771	0.8384683507
152.5	-1.609850641	0.9272665473
152.6	-1.512794132	1.013662155
152.7	-1.407123084	1.099898399
152.8	-1.292755879	1.187878601
152.9	-1.169435502	1.279194859
153	-1.036763434	1.375103602
153.1	-0.8942332233	1.476450287
153.2	-0.7412821771	1.583500006
153.3	-0.5773610398	1.695674046
153.4	-0.402035349	1.811156958
153.5	-0.2151351031	1.926390734
153.6	-0.01695754668	2.035516984
153.7	0.1914803147	2.12991792
153.8	0.4081566767	2.198168183
153.9	0.6297941257	2.226812443
154	0.8517452551	2.202338595
154.1	1.068136992	2.114343904
154.2	1.272362131	1.959105795
154.3	1.457886829	1.74204003
154.4	1.619182184	1.477538555
154.5	1.752486768	1.185836793
154.6	1.856155545	0.8881936413
154.7	1.930530161	0.6024843557
154.8	1.97745824	0.3407386465
154.9	1.9996791	0.1088633253
155	2.000262315	-0.09217604967
155.1	1.982197508	-0.2646614009
155.2	1.948149557	-0.4125792985
155.3	1.900347812	-0.5405084832
155.4	1.840563633	-0.6529502742
155.5	1.770136974	-0.7539977977
155.6	1.690024269	-0.8472226624
155.7	1.600850873	-0.9356802019
155.8	1.502960029	-1.021968378
155.9	1.396455525	-1.108295059
156	1.281236804	-1.196533645
156.1	1.157032683	-1.288243803
156.2	1.023431209	-1.384649279
156.3	0.879918991	-1.486545579
156.4	0.7259314714	-1.594132871
156.5	0.5609240827	-1.706729657
156.6	0.3844817178	-1.822375438
156.7	0.1964700092	-1.937316392
156.8	-0.002757403749	-2.045441915
156.9	-0.2120980719	-2.137856576
157	-0.4294182726	-2.202888805
157.1	-0.6513104733	-2.226967875
157.2	-0.8729973606	-2.196730138
157.3	-1.088507629	-2.102267072
157.4	-1.291202046	-1.940663963
157.5	-1.47460362	-1.718261103
157.6	-1.633326049	-1.450193992
157.7	-1.763804975	-1.157016024
157.8	-1.864599996	-0.8598278837
157.9	-1.936223125	-0.576010584
158	-1.98063536	-0.3169838342
158.1	-2.000630396	-0.08811072004
158.2	-1.999285229	0.1100325857
158.3	-1.979566297	0.2799538875
158.4	-1.944099535	0.4257380652
158.5	-1.895069947	0.5519793163
158.6	-1.834205547	0.6631495699
158.7	-1.762806985	0.763293976
158.8	-1.681796376	0.8559325621
158.9	-1.591769819	0.9440740272
159	-1.493045835	1.030275171
159.1	-1.385706566	1.116709947
159.2	-1.269634206	1.205220124
159.3	-1.144541516	1.297337288
159.4	-1.010006643	1.394245753
159.5	-0.8655070682	1.496695808
159.6	-0.7104775911	1.60481285
159.7	-0.544380607	1.717814715
159.8	-0.3668200023	1.833589897
159.9	-0.177699206	1.948180698
160	0.02256742332	2.055223024
160.1	0.2327909299	2.145541492
160.2	0.4507235599	2.20722554
160.3	0.6728258364	2.226612511
160.4	0.8941923486	2.190515924
160.5	1.108758596	2.08955586
160.6	1.309861139	1.921648092
160.7	1.491088669	1.694052975
160.8	1.647204657	1.422615388
160.9	1.7748446	1.128160908
161	1.872771102	0.8315915547
161.1	1.941661624	0.5497729972
161.2	1.983584501	0.2935142881
161.3	2.001382714	0.06764716854
161.4	1.998136984	-0.1276245173
161.5	1.976788533	-0.2950207257
161.6	1.939923347	-0.4387146178
161.7	1.889682011	-0.5633098834
161.8	1.827749482	-0.6732463758
161.9	1.755387566	-0.7725204554
162	1.673484636	-0.8646010032
162.1	1.582607893	-0.9524498979
162.2	1.483051329	-1.038584465
162.3	1.374876491	-1.125144346
162.4	1.257947323	-1.213941433
162.5	1.131963151	-1.306475815
162.6	0.996488977	-1.403895312
162.7	0.8509973058	-1.506898802
162.8	0.6949202457	-1.615540412
162.9	0.5277293879	-1.728926522
163	0.3490501936	-1.844794465
163.1	0.1588241285	-1.9589766
163.2	-0.04247165741	-2.064850004
163.3	-0.2535570665	-2.152961789
163.4	-0.472068793	-2.21116845
163.5	-0.694335284	-2.22573677
163.6	-0.9153243943	-2.183690736
163.7	-1.128883708	-2.076212058
163.8	-1.328333769	-1.902066973
163.9	-1.507337807	-1.669430142
164	-1.660815631	-1.394821019
164.1	-1.785605241	-1.099289061
164.2	-1.880669966	-0.8034978806
164.3	-1.946847624	-0.5237785968
164.4	-1.986308103	-0.2703319413
164.5	-2.001938539	-0.04747156523
164.6	-1.996819916	0.1449551011
164.7	-1.973866131	0.3098660093
164.8	-1.935622523	0.4515129602
164.9	-1.884185157	0.5745039005
165	-1.82119625	0.6832440443
165.1	-1.747879223	0.7816800906
165.2	-1.665089169	0.873230229
165.3	-1.573365044	0.9608102159
165.4	-1.47297647	1.04689781
165.5	-1.363964519	1.133599804
165.6	-1.246176257	1.222698188
165.7	-1.119295708	1.315659804
165.8	-0.9828779585	1.413597252
165.9	-0.8363880834	1.517155695
166	-0.679259062	1.626312044
166.1	-0.510971147	1.740063821
166.2	-0.3311717078	1.855985777
166.3	-0.1398445536	1.969697293
166.4	0.06246756913	2.074313435
166.5	0.2743932853	2.160101949
166.6	0.4934502508	2.214701924
166.7	0.7158336701	2.224328733
166.8	0.9363874295	2.176248222
166.9	1.148876761	2.062238391
167	1.34661443	1.881934462
167.1	1.523347033	1.644413406
167.2	1.674157129	1.366832805
167.3	1.7960869	1.070418679
167.4	1.888298123	0.7755591008
167.5	1.95178376	0.4980343148
167.6	1.988809189	0.2474386855
167.7	2.002300877	0.0275820877
167.8	1.995336667	-0.1620278548
167.9	1.970801392	-0.32449385
168	1.931198916	-0.4641373719
168.1	1.878580807	-0.5855652892
168.2	1.814546895	-0.6931459218
168.3	1.740282717	-0.7907759603
168.4	1.656610622	-0.8818227363
168.5	1.564041439	-0.9691566726
168.6	1.462821249	-1.055217342
168.7	1.352970975	-1.142078037
168.8	1.234319991	-1.231490101
168.9	1.106539468	-1.324891284
169	0.969172617	-1.423351132
169.1	0.8216800267	-1.527465514
169.2	0.6634935403	-1.637128728
169.3	0.4941049712	-1.751222178
169.4	0.3131857177	-1.867158182
169.5	0.1207621244	-1.98033537
169.6	-0.08255446281	-2.083603498
169.7	-0.2952972842	-2.166954723
169.8	-0.5148637818	-2.217816072
169.9	-0.7373159217	-2.222379105
170	-0.9573756941	-2.168184549
170.1	-1.16873192	-2.047638333
170.2	-1.364698115	-1.861260324
170.3	-1.539112865	-1.61901849
170.4	-1.687227442	-1.338668705
170.5	-1.806289844	-1.041566414
170.6	-1.895657289	-0.7477871855
170.7	-1.956472474	-0.4725457083
170.8	-1.991090549	-0.2248355829
170.9	-2.002472493	-0.007976964981
171	-1.993689796	0.1788463866
171.1	-1.967596428	0.3389085359
171.2	-1.926654239	0.4765919647
171.3	-1.872870296	0.5964978086
171.4	-1.807802409	0.7029553686
171.5	-1.732598691	0.7998106714
171.6	-1.648049227	0.8903809714
171.7	-1.554637385	0.9774916625
171.8	-1.452585668	1.063544462
171.9	-1.341895348	1.150580056
172	-1.222378917	1.240320748
172.1	-1.093693856	1.334169704
172.2	-0.9553732809	1.433160421
172.3	-0.8068716299	1.537827068
172.4	-0.6476236299	1.647987528
172.5	-0.4771307947	1.762400034
172.6	-0.2950912666	1.878306505
172.7	-0.1015776573	1.990883144
172.8	0.1027299508	2.092708729
172.9	0.3162660904	2.173502812
173	0.5363053429	2.220496991
173.1	0.7587765477	2.21987727
173.2	0.9782828102	2.159494854
173.3	1.188442716	2.032416167
173.4	1.382579171	1.840059019
173.5	1.554631368	1.593265323
173.6	1.700024726	1.310350085
173.7	1.816213984	1.012749549
173.8	1.902748738	0.7201934391
173.9	1.960915922	0.4473189966
174	1.993154821	0.2025239682
174.1	2.002455951	-0.01134586932
174.2	1.991881507	-0.1954142395
174.3	1.9642531	-0.3531140698
174.4	1.92198993	-0.4888807676
174.5	1.86705466	-0.6073051156
174.6	1.80096348	-0.7126755675
174.7	1.724827601	-0.8087871615
174.8	1.639405214	-0.8989070398
174.9	1.545152667	-0.9858171228
175	1.442269635	-1.071880975
175.1	1.330737196	-1.159107928
175.2	1.21035253	-1.24918943
175.3	1.080758104	-1.343496978
175.4	0.9414785859	-1.443021351
175.5	0.7919632139	-1.548241945
175.6	0.6316480667	-1.658887063
175.7	0.460048687	-1.773592525
175.8	0.2768898507	-1.889426202
175.9	0.08229106398	-2.001332678
176	-0.1229928372	-2.101620858
176.1	-0.3372965165	-2.179738634
176.2	-0.5577706678	-2.222732059
176.3	-0.7802104427	-2.216813177
176.4	-0.9991031727	-2.15017585
176.5	-1.20800378	-2.016576619
176.6	-1.400253228	-1.818342435
176.7	-1.56989955	-1.567171908
176.8	-1.712547803	-1.281895005
176.9	-1.825860058	-0.9839835089
177	-1.909574651	-0.6927882711
177.1	-1.965117129	-0.4223583346
177.2	-1.995004923	-0.1805037474
177.3	-2.002254083	0.03038878144
177.4	-1.98991439	0.211735226
177.5	-1.960773539	0.3671148747
177.6	-1.917207698	0.5010079872
177.7	-1.861135227	0.6179910023
177.8	-1.794031074	0.7223097275
177.9	-1.716970021	0.8177080057
178	-1.630679016	0.9074037199
178.1	-1.535587684	0.9941347543
178.2	-1.431872818	1.080228695
178.3	-1.319496907	1.167662265
178.4	-1.198239658	1.258097808
178.5	-1.067732283	1.352873057
178.6	-0.92748847	1.452937472
178.7	-0.7769536134	1.55870715
178.8	-0.6155675549	1.669825906
178.9	-0.4428582529	1.784798188
179	-0.2585805307	1.900511009
179.1	-0.06290471721	2.011676337
179.2	0.1433405176	2.110326882
179.3	0.3583857969	2.185645137
179.4	0.5792554244	2.224509075
179.5	0.801611899	2.213178077
179.6	1.019830286	2.140224857
179.7	1.227408623	2.000126702
179.8	1.417714816	1.796127412
179.9	1.584914028	1.540758934
180	1.724795402	1.253324668
180.1	1.835228471	0.9552847604
180.2	1.916136669	0.6655819925
180.3	1.969078355	0.397669023
180.4	1.996643775	0.1587756554
180.5	2.001869607	-0.04915436483
180.6	1.987790767	-0.2278131881
180.7	1.957159701	-0.3809150517
180.8	1.912309069	-0.5129776695
180.9	1.855113117	-0.6285590868
181	1.787005991	-0.7318610923
181.1	1.709026568	-0.8265761481
181.2	1.621870851	-0.9158728234
181.3	1.525942235	-1.002446922
181.4	1.421395498	-1.088589072
181.5	1.308173445	-1.176245387
181.6	1.186041197	-1.267047092
181.7	1.054615351	-1.362299179
181.8	0.9134021517	-1.462905995
181.9	0.7618429714	-1.569224296
182	0.5993806182	-1.680801882
182.1	0.4255595683	-1.796011446
182.2	0.2401649354	-1.911555715
182.3	0.04341833398	-2.02190505
182.4	-0.1637716611	-2.118818042
182.5	-0.379530366	-2.191214261
182.6	-0.6007550733	-2.225816246
182.7	-0.8229755297	-2.208963314
182.8	-1.040458336	-2.129640229
182.9	-1.246651791	-1.983072079
183	-1.434959587	-1.77342567
183.1	-1.599671841	-1.514043887
183.2	-1.736766453	-1.224656712
183.3	-1.844320021	-0.9266682265
183.4	-1.922436836	-0.6385840937
183.5	-1.972802421	-0.3732544833
183.6	-1.998073999	-0.1373393537
183.7	-2.001305119	0.0676450548
183.8	-1.98551294	0.2436520076
183.9	-1.953413453	0.3945188072
184	-1.907295528	0.5247937287
184.1	-1.848989461	0.6390129204
184.2	-1.779889015	0.7413326564
184.3	-1.700997611	0.8353938825
184.4	-1.612980961	0.924317032
184.5	-1.516216636	1.010755133
184.6	-1.410837106	1.096963919
184.7	-1.296767294	1.184857464
184.8	-1.173755319	1.276038117
184.9	-1.041407375	1.371775258
185	-0.899219118	1.47292955
185.1	-0.7466303541	1.579790464
185.2	-0.583088001	1.691813272
185.3	-0.4081524486	1.807230371
185.4	-0.2216424789	1.92255391
185.5	-0.02383439825	2.032010789
185.6	0.1842834313	2.127081286
185.7	0.4007271334	2.1964294
185.8	0.6222649951	2.226640893
185.9	0.8442954981	2.204160404
186	1.060980914	2.118420687
186.1	1.265727135	1.965421985
186.2	1.451982614	1.750256014
186.3	1.614170204	1.487048536
186.4	1.748460189	1.195911602
186.5	1.853135557	0.8981488896
186.6	1.928477258	0.6118036187
186.7	1.976291969	0.3491187948
186.8	1.999298664	0.1161945291
186.9	2.000563385	-0.08586392754
187	1.983083311	-0.2592556162
187.1	1.949536794	-0.4079304022
187.2	1.902168625	-0.5364602759
187.3	1.842765406	-0.6493560956
187.4	1.772680976	-0.750727588
187.5	1.692883821	-0.8441641229
187.6	1.604009668	-0.9327381637
187.7	1.506410754	-1.019061631
187.8	1.400197999	-1.105354645
187.9	1.285277535	-1.193500847
188	1.161383169	-1.285072333
188.1	1.028107399	-1.381302606
188.2	0.8849396504	-1.48300674
188.3	0.7313151878	-1.590406539
188.4	0.5666884697	-1.702856736
188.5	0.3906372893	-1.818449838
188.6	0.2030140431	-1.933499568
188.7	0.004152736013	-2.041984688
188.8	-0.2048739585	-2.135107432
188.9	-0.4219723558	-2.201279533
189	-0.6437804843	-2.226970485
189.1	-0.8655662201	-2.198761152
189.2	-1.081392116	-2.10656559
189.3	-1.284629243	-1.94718355
189.4	-1.468779652	-1.726632573
189.5	-1.628406354	-1.459790926
189.6	-1.759875755	-1.167106677
189.7	-1.861675998	-0.86974059
189.8	-1.934259954	-0.5852487493
189.9	-1.979549613	-0.3252646781
190	-2.000320274	-0.09534026769
190.1	-1.999646791	0.1038137736
190.2	-1.980503921	0.2746280489
190.3	-1.945531333	0.4211540179
190.4	-1.896929588	0.5479811773
190.5	-1.836441826	0.6595920771
190.6	-1.765382388	0.7600487292
190.7	-1.684685366	0.8528893758
190.8	-1.594957086	0.9411386773
190.9	-1.4965245	1.027367908
191	-1.389477536	1.113762878
191.1	-1.273704216	1.202176901
191.2	-1.148923124	1.294149693
191.3	-1.014715255	1.390881822
191.4	-0.8705618384	1.49313748
191.5	-0.7158975198	1.601069824
191.6	-0.5501823088	1.713932117
191.7	-0.3730131396	1.829666064
191.8	-0.1842801221	1.944385966
191.9	0.01562396753	2.0518169
192	0.2255408607	2.142881568
192.1	0.4432628493	2.205752005
192.2	0.6652967503	2.226795465
192.3	0.8867818091	2.192759776
192.4	1.101685551	2.094076223
192.5	1.303352099	1.928367559
192.6	1.485346154	1.702572721
192.7	1.64237799	1.432292232
192.8	1.771012846	1.138261789
192.9	1.869942524	0.8414575452
193	1.939787139	0.5589277764
193.1	1.982578149	0.3016951146
193.2	2.001141863	0.07477577573
193.3	1.998558095	-0.1214979404
193.4	1.97777714	-0.2897733382
193.5	1.941399051	-0.4341938163
193.6	1.891579972	-0.5593603579
193.7	1.830019891	-0.6697243419
193.8	1.757994159	-0.7692993041
193.9	1.676402893	-0.8615719691
194	1.585823354	-0.9495205647
194.1	1.486558092	-1.035676175
194.2	1.37867582	-1.12219032
194.3	1.262046785	-1.210885382
194.4	1.136375125	-1.303272607
194.5	1.001230157	-1.400512447
194.6	0.8560864305	-1.503322195
194.7	0.7003763308	-1.611781158
194.8	0.5335687403	-1.72503465
194.9	0.3552812635	-1.840874667
195	0.1654414056	-1.955206704
195.1	-0.03549559063	-2.061499161
195.2	-0.2462817043	-2.150396518
195.3	-0.4645945619	-2.209834231
195.4	-0.6868089175	-2.226102925
195.5	-0.9079366598	-2.186149001
195.6	-1.121855535	-2.080953498
195.7	-1.321890749	-1.908982811
195.8	-1.501678424	-1.678092855
195.9	-1.656082924	-1.404570803
196	-1.781871198	-1.109393511
196.1	-1.877936575	-0.8133123684
196.2	-1.945061311	-0.5328473068
196.3	-1.985380395	-0.2784119155
196.4	-2.001766144	-0.05449948583
196.5	-1.997299838	0.1389196459
196.6	-1.974905118	0.3046957605
196.7	-1.937141648	0.4470541048
196.8	-1.886121082	0.5706017675
196.9	-1.823500549	0.6797563589
197	-1.750516844	0.7784820076
197.1	-1.668036661	0.8702147034
197.2	-1.576608816	0.9578861406
197.3	-1.476511324	1.043987882
197.4	-1.367792492	1.130638221
197.5	-1.250305237	1.219629828
197.6	-1.123738824	1.312440369
197.7	-0.9876518982	1.410196157
197.8	-0.8415118199	1.513560173
197.9	-0.684751646	1.622537173
198	-0.5168480898	1.736163781
198.1	-0.3374405479	1.85207123
198.2	-0.1464982922	1.965954563
198.3	0.05545940095	2.071020768
198.4	0.2670936848	2.157635121
198.5	0.4859638535	2.2135123
198.6	0.708311754	2.224882551
198.7	0.9290244834	2.178923164
198.8	1.141895427	2.067199997
198.9	1.340239113	1.889042304
199	1.517771993	1.653212235
199.1	1.669518958	1.376648533
199.2	1.792450495	1.080520901
199.3	1.885659278	0.7853180435
199.4	1.950084596	0.5070149248
199.5	1.987959055	0.2554173779
199.6	2.002195914	0.03451006991
199.7	1.995874473	-0.1560822607
199.8	1.97188997	-0.3193992064
199.9	1.932760837	-0.4597389188
200	1.880554217	-0.5817091485
200.1	1.816884737	-0.6896913854
200.2	1.742951145	-0.7875999335
200.3	1.659587181	-0.8788197408
200.4	1.567313424	-0.966237178
200.5	1.466384267	-1.052305116
200.6	1.35682755	-1.1391084
200.7	1.238478765	-1.228408727
200.8	1.111013626	-1.321655465
200.9	0.9739796006	-1.41993131
201	0.8268385173	-1.523851656
201.1	0.6690226578	-1.633338437
201.2	0.5000196842	-1.747314979
201.3	0.3194923291	-1.863250837
201.4	0.1274517695	-1.976622426
201.5	-0.07551472905	-2.080372919
201.6	-0.2879742829	-2.164590303
201.7	-0.5073665891	-2.216774866
201.8	-0.7298002761	-2.223123716
201.9	-0.9500396532	-2.171077476
202	-1.1617996	-2.052818776
202.1	-1.35839241	-1.868556223
202.2	-1.533623486	-1.627947471
202.3	-1.682684399	-1.348543587
202.4	-1.802750999	-1.051660252
202.5	-1.893112454	-0.7574864157
202.6	-1.954859675	-0.4814360866
202.7	-1.990317034	-0.2327125564
202.8	-2.002433987	-0.01480565962
202.9	-1.994284623	0.1729893487
203	-1.968733878	0.3338880432
203.1	-1.928258375	0.4722524818
203.2	-1.87488075	0.5926863474
203.3	-1.810173477	0.6995328192
203.4	-1.735297701	0.7966556951
203.5	-1.651054763	0.8873897474
203.6	-1.557937576	0.9745759783
203.7	-1.456176828	1.060629363
203.8	-1.345780701	1.147601911
203.9	-1.226567461	1.237226149
204	-1.098199507	1.330917245
204.1	-0.960213267	1.429721902
204.2	-0.8120652897	1.534194716
204.3	-0.6531894263	1.644182885
204.4	-0.483083175	1.758486443
204.5	-0.3014357176	1.874407941
204.6	-0.1083031234	1.987202583
204.7	0.09565942799	2.08954365
204.8	0.3089208392	2.171246226
204.9	0.5287988303	2.21960922
205	0.7512690477	2.220816522
205.1	0.9709757953	2.16260742
205.2	1.181561506	2.037813754
205.3	1.376344852	1.847537645
205.4	1.549228866	1.602317244
205.5	1.695577358	1.320276859
205.6	1.812772618	1.022829291
205.7	1.900297317	0.7298291561
205.8	1.959388556	0.4561172251
205.9	1.992456895	0.2102989472
206	2.002482947	-0.004615674423
206.1	1.992532504	-0.1896445018
206.2	1.965438702	-0.3481662558
206.3	1.923635716	-0.4845988053
206.4	1.869101734	-0.603537028
206.5	1.803367471	-0.7092838799
206.6	1.727556994	-0.805652242
206.7	1.642439579	-0.895926742
206.8	1.548481025	-0.9829045937
206.9	1.445888973	-1.068962372
207	1.334651358	-1.156120608
207.1	1.214571071	-1.246081367
207.2	1.08529523	-1.340227325
207.3	0.9463519511	-1.43956415
207.4	0.7971919612	-1.544591534
207.5	0.6372506908	-1.65506805
207.6	0.4660390107	-1.769673969
207.7	0.2832718396	-1.885538521
207.8	0.08905183088	-1.997687436
207.9	-0.1158919826	-2.098525023
208	-0.3299299265	-2.177593118
208.1	-0.5502563201	-2.222001141
208.2	-0.7727129465	-2.217949801
208.3	-0.9918272789	-2.153508766
208.4	-1.201175767	-2.022189513
208.5	-1.394092035	-1.825999828
208.6	-1.564585073	-1.576340856
208.7	-1.708196558	-1.291867072
208.8	-1.822515975	-0.9940434156
208.9	-1.907216011	-0.7023567104
209	-1.963674348	-0.4310627766
209.1	-1.994381642	-0.1881765789
209.2	-2.002345628	0.02375629893
209.3	-1.990620713	0.2060514414
209.4	-1.962006598	0.3622382623
209.5	-1.918894577	0.4967821374
209.6	-1.863218495	0.614265008
209.7	-1.796467684	0.7189477759
209.8	-1.719729607	0.8145922436
209.9	-1.633742139	0.9044335333
210	-1.538944156	0.9912246511
210.1	-1.435520373	1.077306025
210.2	-1.32343998	1.164665462
210.3	-1.202488274	1.254975566
210.4	-1.072301103	1.349586268
210.5	-0.9323952772	1.449461384
210.6	-0.782217786	1.55503873
210.7	-0.6212071382	1.66599362
210.8	-0.4488863746	1.7808757
210.9	-0.2650000729	1.896636021
211	-0.06970058955	2.008069121
211.1	0.1362101427	2.107303963
211.2	0.3509990926	2.183615871
211.3	0.5717348096	2.223940256
211.4	0.7941263707	2.214515873
211.5	1.01258767	2.14377933
211.6	1.22063586	2.005952607
211.7	1.411628441	1.803957751
211.8	1.579688678	1.550037593
211.9	1.72054071	1.263335148
212	1.831981483	0.9653195287
212.1	1.91387013	0.6750797668
212.2	1.967719192	0.4062781434
212.3	1.996094126	0.1663463403
212.4	2.002024775	-0.04261867158
212.5	1.988551598	-0.2222140377
212.6	1.958439543	-0.3761081607
212.7	1.914036519	-0.5088064958
212.8	1.857232194	-0.6248739117
212.9	1.789474951	-0.7285277916
213	1.711816173	-0.8234785609
213.1	1.62496261	-0.9129119512
213.2	1.529326827	-0.9995386131
213.3	1.425071315	-1.085661757
213.4	1.312145512	-1.173238448
213.5	1.190320072	-1.263910615
213.6	1.059215985	-1.35899478
213.7	0.91834269	-1.459411087
213.8	0.767142617	-1.565538256
213.9	0.6050572786	-1.676956596
214	0.431625692	-1.7920864
214.1	0.2466218115	-1.907695578
214.2	0.05024877638	-2.018338976
214.3	-0.1566124186	-2.115872043
214.4	-0.3721245811	-2.189305109
214.5	-0.593229751	-2.225413023
214.6	-0.8155039038	-2.210504749
214.7	-1.033251148	-2.133416559
214.8	-1.239936371	-1.98910853
214.9	-1.42894971	-1.781424189
215	-1.594536649	-1.52342576
215.1	-1.73260863	-1.234698855
215.2	-1.841169842	-0.9366723902
215.3	-1.92026173	-0.6480078528
215.4	-1.971526012	-0.3817668811
215.5	-1.997597007	-0.1448078943
215.6	-2.001522963	0.06120519834
215.7	-1.986327466	0.2381360929
215.8	-1.954739404	0.3897801835
215.9	-1.909063015	0.5206758473
216	-1.851143946	0.6353673162
216.1	-1.782390037	0.7380268979
216.2	-1.703817054	0.832313591
216.3	-1.616101303	0.9213647016
216.4	-1.51962931	1.007847898
216.5	-1.414541226	1.09403139
216.6	-1.300768479	1.181840135
216.7	-1.178064531	1.272886648
216.8	-1.046040053	1.368453432
216.9	-0.9041934843	1.469415549
217	-0.7519657468	1.576087179
217.1	-0.5888018153	1.687956009
217.2	-0.4142564874	1.80330396
217.3	-0.2281366296	1.91871072
217.4	-0.03069907676	2.028488812
217.5	0.1770961632	2.124216013
217.6	0.3933035025	2.194645304
217.7	0.6147366017	2.22640808
217.8	0.8368397724	2.205908722
217.9	1.053811291	2.122419365
218	1.259071043	1.971666094
218.1	1.446050809	1.758416727
218.2	1.609126126	1.496526489
218.3	1.744399525	1.205978846
218.4	1.850081871	0.9081174855
218.5	1.926392822	0.6211503342
218.6	1.975097305	0.3575333209
218.7	1.998893335	0.1235611893
218.8	2.000842996	-0.07951888655
218.9	1.983950735	-0.2538215578
219	1.950908208	-0.4032585369
219.1	1.903975653	-0.532394271
219.2	1.844954936	-0.6457488165
219.3	1.775213818	-0.7474483255
219.4	1.695732953	-0.8411001835
219.5	1.607158492	-0.9297936031
219.6	1.509851532	-1.016154837
219.7	1.403930462	-1.10241634
219.8	1.289307953	-1.190472396
219.9	1.165722857	-1.281905922
220	1.032772282	-1.377962575
